42
120
405
2
472
325
144
259
392
450
308
381
66
475
380
485
432
215
350
175
128
269
81
143
234
181
43
418
33
23
271
45
90
405
46
180
210
414
486
178
38
448
56
38
37
409
284
298
161
338
198
148
150
143
301
32
45
225
83
325
67
408
153
355
402
474
467
53
430
413
414
125
234
409
218
376
201
406
493
424
181
404
405
23
194
382
71
383
428
148
93
45
210
130
28
73
226
334
52
243
192
72
476
202
108
50
218
36
17
209
463
217
289
431
114
431
323
267
365
365
27
313
197
298
355
283
379
322
351
475
11
441
154
155
488
13
398
482
336
484
51
152
284
452
386
68
3
177
467
219
116
96
466
492
472
105
346
294
188
169
82
346
357
65
333
355
2
10
163
43
181
474
325
349
239
248
387
381
23
340
179
86
377
157
412
211
438
173
16
41
437
430
374
490
205
361
490
492
114
4
250
494
62
495
445
61
7
370
47
327
389
336
77
15
464
446
82
275
447
251
401
463
399
398
254
348
94
118
440
353
363
108
63
210
180
325
311
318
138
343
211
292
313
151
378
97
132
259
332
78
438
42
376
229
340
252
139
11
217
312
239
436
230
326
3
351
342
250
171
123
2
330
453
166
390
155
225
214
447
195
431
228
187
274
343
406
228
152
86
140
446
31
332
102
491
85
75
260
275
414
17
286
424
248
174
299
428
265
404
165
32
489
70
27
410
403
188
394
190
489
374
478
442
139
326
431
472
499
51
186
88
36
146
406
391
168
374
63
239
310
354
292
272
324
105
129
321
81
434
249
114
421
357
354
123
158
440
182
344
21
491
268
420
98
490
77
161
302
25
115
408
73
339
312
117
474
405
366
82
120
221
474
331
411
178
69
431
116
226
119
21
437
371
184
137
459
172
482
246
289
211
399
386
473
236
422
442
288
409
443
252
349
125
324
349
320
331
456
355
335
433
119
362
445
38
212
222
152
18
70
345
404
105
235
134
259
217
397
384
332
242
206
260
374
72
163
354
362
206
276
269
199
447
225
227
224
13
434
169
324
386
405
261
77
175
430
217
123
349
377
324
380
379
51
3
256
133
308
190
292
208
437
22
112
134
447
18
68
425
42
58
433
59
429
255
3
435
232
252
69
