120
31
187
364
368
1
184
175
264
125
275
311
154
217
11
402
326
14
366
398
342
161
196
43
500
463
457
360
19
182
318
370
483
307
111
370
360
443
222
247
296
134
95
325
393
226
1
14
149
208
39
430
261
247
364
318
11
426
415
140
338
387
148
265
448
100
251
386
357
266
83
414
330
296
472
25
473
239
368
62
280
108
129
482
93
155
372
326
315
205
295
367
435
66
461
475
119
276
494
344
63
96
157
95
57
106
99
56
426
343
105
47
407
233
206
182
235
23
208
428
220
150
44
451
213
453
278
405
6
290
59
403
1
133
392
332
183
399
331
46
178
439
180
400
152
57
437
132
218
116
279
74
495
147
62
157
96
144
104
300
29
223
489
189
1
290
206
465
161
18
239
191
103
368
323
83
201
332
401
159
157
478
112
108
151
4
124
256
101
61
389
153
361
322
34
89
384
228
305
180
211
303
12
196
345
308
3
56
338
223
399
226
184
372
260
211
262
376
186
131
494
364
113
93
290
477
221
77
109
44
345
351
310
184
94
427
317
471
500
494
309
20
366
243
167
46
479
147
311
268
210
338
316
213
103
8
9
61
327
182
22
365
360
360
255
240
269
32
398
73
89
396
171
132
194
15
236
136
483
19
218
163
383
9
267
84
92
442
280
118
329
96
91
133
383
152
262
255
359
303
416
303
296
248
279
289
31
455
341
343
162
455
400
80
171
301
68
216
156
448
62
150
406
404
243
141
60
472
328
155
366
16
20
155
443
462
397
460
105
7
304
114
378
96
144
102
261
218
170
308
196
388
343
186
213
412
249
168
224
124
423
446
469
379
142
203
189
226
381
32
196
425
248
294
138
383
407
48
183
92
437
245
322
289
177
67
275
230
313
201
182
236
230
491
182
30
195
264
113
265
352
474
303
167
2
3
415
232
470
264
386
432
217
69
68
280
449
305
349
260
217
93
458
233
360
184
379
476
77
119
399
85
424
348
63
478
334
225
167
291
317
285
189
402
245
401
285
38
64
425
453
299
198
76
447
81
313
157
71
73
439
451
286
371
435
331
54
379
277
213
281
140
293
57
442
336
278
365
143
246
322
432
333
222
54
61
226
72
410
468
443
378
162
399
453
168
397
72
110
165
